    0.492173     0.251446     0.130732
    0.140321     0.947950     0.780490
    0.843139     0.557559     0.479770
    0.998703     0.989350     0.002596
    0.305238     0.342866     0.359540
    0.693245     0.635485     0.645416
    0.843037     0.000175     0.678976
    0.194608     0.309226     0.328824
    0.491979     0.688673     0.024238
    0.738262     0.751618     0.998021
    0.087951     0.405540     0.691350
    0.389583     0.099353     0.303802
    0.020472     0.448000     0.121638
    0.388471     0.093389     0.819772
    0.653856     0.799543     0.431581
    0.676013     0.519873     0.721772
    0.322470     0.824732     0.073473
    0.029764     0.217357     0.368671
    0.365748     0.395321     0.866777
    0.005552     0.740926     0.180969
    0.727068     0.047773     0.556538
    0.503169     0.510703     0.993670
    0.862583     0.159789     0.690390
    0.139101     0.861257     0.300734
    0.882795     0.815088     0.705958
    0.540384     0.512749     0.329933
    0.221475     0.122707     0.081956
    0.986222     0.613924     0.382580
    0.639427     0.231732     0.681022
    0.328353     0.996383     0.077484
    0.522367     0.064340     0.582149
    0.183183     0.675407     0.278082
    0.867491     0.453155     0.879130
    0.792634     0.656943     0.952421
    0.097489     0.311003     0.565086
    0.487067     0.004390     0.340576
    0.489211     0.851681     0.674060
    0.120153     0.225951     0.375851
    0.858264     0.477418     0.972312
    0.172320     0.831300     0.748158
    0.522122     0.123699     0.334777
    0.823412     0.537879     0.161641
    0.392281     0.399530     0.002566
    0.892823     0.398686     0.502165
    0.394360     0.898868     0.502938
    0.632571     0.669662     0.575989
    0.626200     0.169238     0.078960
    0.129695     0.170076     0.582660
    0.497969     0.497686     0.252390
    0.993474     0.997645     0.264391
    0.486799     0.997580     0.757195
    0.503726     0.491151     0.003698
    0.490995     0.988800     0.496910
    0.999315     0.484991     0.509366
    0.218393     0.410247     0.518750
    0.921297     0.069693     0.126392
    0.513504     0.750584     0.910930
    0.995073     0.002695     0.999624
    0.289347     0.346511     0.390829
    0.700925     0.656336     0.608458
