4.305 6.058 4.308 69.75 89.92 69.94
6.011 4.304 4.317 89.99 70.38 70.15
4.294 6.074 4.298 110.61 90.04 69.66
4.301 4.298 6.093 69.53 110.55 89.91
4.334 4.293 6.021 69.97 109.23 90.13
4.293 6.092 4.311 69.45 90.18 110.3
4.289 4.295 6.043 69.31 110.07 90.08
4.324 4.287 6.038 69.83 109.6 90.09
4.28 6.044 4.346 71.06 90.11 69.29
4.265 4.389 6.009 108.38 110.57 90.06
4.257 4.423 5.998 72.09 69.37 90.16
5.966 4.253 4.428 89.91 108.86 110.2
4.259 4.361 6.09 109.39 69.98 90.38
4.269 5.948 4.479 106.56 89.71 70.38
4.814 4.814 4.812 89.98 89.99 90.02
4.821 4.82 4.82 90.08 90 90.08
4.809 4.822 4.809 90 89.93 90
4.855 4.859 4.776 90.09 90.1 90.04
6.095 3.875 4.746 90.27 71.44 71.6
6.12 3.862 4.744 90.16 71.54 71.7
